Time interval: 40
Azimuth angle: 35
Type: Harpoon
8603.65 12287.28 1000.00
8598.14 12279.42 1000.00
8592.63 12271.55 1000.00
8587.13 12263.69 1000.00
8581.62 12255.83 1000.00
8576.11 12247.96 1000.00
8570.61 12240.10 1000.00
8565.10 12232.23 1000.00
8559.60 12224.37 1000.00
8554.09 12216.51 1000.00
8548.58 12208.64 1000.00
8543.08 12200.78 1000.00
8537.57 12192.91 1000.00
8532.06 12185.05 1000.00
8526.56 12177.19 1000.00
8521.05 12169.32 1000.00
8515.55 12161.46 1000.00
8510.04 12153.60 1000.00
8504.53 12145.73 1000.00
8499.03 12137.87 1000.00
8493.52 12130.00 1000.00
8488.01 12122.14 1000.00
8482.51 12114.28 1000.00
8477.00 12106.41 1000.00
8471.49 12098.55 1000.00
8465.99 12090.68 1000.00
8460.48 12082.82 1000.00
8454.98 12074.96 1000.00
8449.47 12067.09 1000.00
8443.96 12059.23 1000.00
8438.46 12051.36 1000.00
8432.95 12043.50 1000.00
8427.44 12035.64 1000.00
8421.94 12027.77 1000.00
8416.43 12019.91 1000.00
8410.92 12012.05 1000.00
8405.42 12004.18 1000.00
8399.91 11996.32 1000.00
8394.41 11988.45 1000.00
8388.90 11980.59 1000.00
8383.39 11972.73 1000.00
8377.89 11964.86 1000.00
8372.38 11957.00 1000.00
8366.87 11949.13 1000.00
8361.37 11941.27 1000.00
8355.86 11933.41 1000.00
8350.36 11925.54 1000.00
8344.85 11917.68 1000.00
8339.34 11909.82 1000.00
8333.84 11901.95 1000.00
8328.33 11894.09 1000.00
8322.82 11886.22 1000.00
8317.32 11878.36 1000.00
8312.72 11871.79 999.97
8308.58 11865.88 999.90
8304.43 11859.96 999.76
8300.29 11854.05 999.58
8296.15 11848.13 999.34
8292.01 11842.22 999.05
8287.87 11836.30 998.71
8283.73 11830.39 998.32
8279.58 11824.47 997.87
8275.44 11818.56 997.37
8271.30 11812.64 996.82
8267.16 11806.73 996.21
8263.02 11800.81 995.56
8258.88 11794.90 994.84
8254.74 11788.98 994.08
8250.59 11783.07 993.26
8246.45 11777.15 992.39
8242.31 11771.24 991.46
8238.17 11765.33 990.48
8234.03 11759.41 989.45
8229.89 11753.50 988.36
8225.75 11747.58 987.22
8221.60 11741.67 986.02
8217.46 11735.75 984.77
8213.32 11729.84 983.46
8209.18 11723.92 982.10
8205.04 11718.01 980.68
8200.90 11712.09 979.21
8196.75 11706.18 977.68
8192.61 11700.26 976.10
8188.47 11694.35 974.46
8184.33 11688.43 972.76
8180.19 11682.52 971.00
8176.05 11676.61 969.19
8171.91 11670.69 967.32
8167.76 11664.78 965.39
8163.62 11658.86 963.41
8159.48 11652.95 961.36
8155.34 11647.03 959.26
8151.20 11641.12 957.09
8147.06 11635.20 954.87
8142.91 11629.29 952.58
8138.77 11623.37 950.24
8134.63 11617.46 947.83
8130.49 11611.54 945.36
8126.35 11605.63 942.83
8122.21 11599.71 940.24
8118.07 11593.80 937.59
8113.92 11587.88 934.87
8109.78 11581.97 932.08
8105.64 11576.06 929.23
8101.50 11570.14 926.32
8097.36 11564.23 923.34
8093.22 11558.31 920.29
8089.08 11552.40 917.18
8084.93 11546.48 913.99
8080.79 11540.57 910.74
8076.65 11534.65 907.42
8072.51 11528.74 904.03
8068.37 11522.82 900.56
8064.23 11516.91 897.03
8060.08 11510.99 893.42
8055.94 11505.08 889.74
8051.80 11499.16 885.98
8047.66 11493.25 882.15
8043.52 11487.34 878.24
8039.38 11481.42 874.26
8035.24 11475.51 870.19
8031.09 11469.59 866.05
8026.95 11463.68 861.82
8022.81 11457.76 857.51
8018.67 11451.85 853.12
8014.53 11445.93 848.64
8010.39 11440.02 844.08
8006.25 11434.10 839.43
8002.10 11428.19 834.69
7997.96 11422.27 829.86
7993.82 11416.36 824.94
7989.68 11410.44 819.92
7985.54 11404.53 814.81
7981.40 11398.61 809.60
7977.25 11392.70 804.30
7973.11 11386.79 798.89
7968.97 11380.87 793.37
7964.83 11374.96 787.75
7960.69 11369.04 782.03
7956.55 11363.13 776.19
7952.41 11357.21 770.24
7948.26 11351.30 764.17
7944.12 11345.38 757.99
7939.98 11339.47 751.68
7935.84 11333.55 745.26
7931.70 11327.64 738.70
7927.56 11321.72 732.01
7923.41 11315.81 725.19
7919.27 11309.89 718.23
7915.13 11303.98 711.12
7910.99 11298.07 703.87
7906.85 11292.15 696.47
7902.71 11286.24 688.91
7898.57 11280.32 681.18
7894.42 11274.41 673.29
7890.28 11268.49 665.23
7886.14 11262.58 656.99
7882.00 11256.66 648.56
7877.86 11250.75 639.93
7873.72 11244.83 631.11
7869.58 11238.92 622.07
7865.43 11233.00 612.81
7861.29 11227.09 603.32
7857.15 11221.17 593.58
7853.01 11215.26 583.60
7848.87 11209.34 573.34
7844.73 11203.43 562.81
7840.58 11197.52 551.97
7836.44 11191.60 540.82
7832.30 11185.69 529.32
7828.16 11179.77 517.47
7824.02 11173.86 505.24
7820.63 11169.02 495.33
7816.49 11163.11 483.55
7812.35 11157.19 472.12
7808.21 11151.28 461.03
7804.07 11145.36 450.25
7799.93 11139.45 439.76
7795.78 11133.53 429.56
7791.64 11127.62 419.62
7787.50 11121.70 409.93
7783.36 11115.79 400.48
7779.22 11109.88 391.27
7775.08 11103.96 382.27
7770.94 11098.05 373.48
7766.79 11092.13 364.89
7762.65 11086.22 356.49
7758.51 11080.30 348.28
7754.37 11074.39 340.25
7750.23 11068.47 332.39
7746.09 11062.56 324.70
7741.94 11056.64 317.17
7737.80 11050.73 309.80
7733.66 11044.81 302.57
7729.52 11038.90 295.49
7725.38 11032.98 288.56
7721.24 11027.07 281.76
7717.10 11021.15 275.09
7712.95 11015.24 268.56
7708.81 11009.33 262.15
7704.67 11003.41 255.87
7700.53 10997.50 249.71
7696.39 10991.58 243.67
7692.25 10985.67 237.74
7688.11 10979.75 231.92
7683.96 10973.84 226.21
7679.82 10967.92 220.61
7675.68 10962.01 215.12
7671.54 10956.09 209.73
7667.40 10950.18 204.44
7663.26 10944.26 199.25
7659.11 10938.35 194.15
7654.97 10932.43 189.15
7650.83 10926.52 184.25
7646.69 10920.61 179.44
7642.55 10914.69 174.71
7638.41 10908.78 170.08
7634.27 10902.86 165.53
7630.12 10896.95 161.07
7625.98 10891.03 156.69
7621.84 10885.12 152.40
7617.70 10879.20 148.19
7613.56 10873.29 144.06
7609.42 10867.37 140.01
7605.27 10861.46 136.04
7601.13 10855.54 132.14
7596.99 10849.63 128.32
7592.85 10843.71 124.58
7588.71 10837.80 120.91
7584.57 10831.88 117.32
7580.43 10825.97 113.80
7576.28 10820.06 110.35
7572.14 10814.14 106.97
7568.00 10808.23 103.66
7563.86 10802.31 100.42
7559.72 10796.40 97.25
7555.58 10790.48 94.15
7551.44 10784.57 91.11
7547.29 10778.65 88.14
7543.15 10772.74 85.24
7539.01 10766.82 82.41
7534.87 10760.91 79.63
7530.73 10754.99 76.92
7526.59 10749.08 74.28
7522.44 10743.16 71.70
7518.30 10737.25 69.18
7514.16 10731.33 66.72
7510.02 10725.42 64.33
7505.88 10719.51 61.99
7501.74 10713.59 59.72
7497.60 10707.68 57.51
7493.45 10701.76 55.36
7489.31 10695.85 53.26
7485.17 10689.93 51.23
7481.03 10684.02 49.25
7476.89 10678.10 47.33
7472.75 10672.19 45.47
7468.60 10666.27 43.67
7464.46 10660.36 41.93
7460.32 10654.44 40.24
7456.18 10648.53 38.61
7452.04 10642.61 37.03
7447.90 10636.70 35.52
7443.76 10630.79 34.05
7439.61 10624.87 32.65
7435.47 10618.96 31.29
7431.33 10613.04 30.00
7427.19 10607.13 28.76
7423.05 10601.21 27.57
7418.91 10595.30 26.44
7414.77 10589.38 25.36
7410.62 10583.47 24.33
7406.48 10577.55 23.36
7402.34 10571.64 22.45
7398.20 10565.72 21.59
7394.06 10559.81 20.78
7389.92 10553.89 20.02
7385.77 10547.98 19.32
7381.63 10542.06 18.67
7377.49 10536.15 18.08
7373.35 10530.24 17.53
7369.21 10524.32 17.04
7365.07 10518.41 16.60
7360.93 10512.49 16.22
7356.78 10506.58 15.89
7352.64 10500.66 15.61
7348.50 10494.75 15.38
7344.36 10488.83 15.21
7340.22 10482.92 15.09
7336.08 10477.00 15.02
7331.94 10471.09 15.00
7326.50 10463.32 15.00
7320.30 10454.48 15.00
7314.11 10445.63 15.00
7307.91 10436.78 15.00
7301.72 10427.93 15.00
7295.52 10419.09 15.00
7289.33 10410.24 15.00
7283.13 10401.39 15.00
7276.94 10392.55 15.00
7270.75 10383.70 15.00
7264.55 10374.85 15.00
7258.36 10366.01 15.00
7252.16 10357.16 15.00
7245.97 10348.31 15.00
7239.77 10339.47 15.00
7233.58 10330.62 15.00
7227.38 10321.77 15.00
7221.19 10312.93 15.00
7214.99 10304.08 15.00
7208.80 10295.23 15.00
7202.60 10286.39 15.00
7196.41 10277.54 15.00
7190.22 10268.69 15.00
7184.02 10259.84 15.00
7177.83 10251.00 15.00
7171.63 10242.15 15.00
7165.44 10233.30 15.00
7159.24 10224.46 15.00
7153.05 10215.61 15.00
7146.85 10206.76 15.00
7140.66 10197.92 15.00
7134.46 10189.07 15.00
7128.27 10180.22 15.00
7122.07 10171.38 15.00
7115.88 10162.53 15.00
7109.68 10153.68 15.00
7103.49 10144.84 15.00
7097.30 10135.99 15.00
7091.10 10127.14 15.00
7084.91 10118.30 15.00
7078.71 10109.45 15.00
7072.52 10100.60 15.00
7066.32 10091.75 15.00
7060.13 10082.91 15.00
7053.93 10074.06 15.00
7047.74 10065.21 15.00
7041.54 10056.37 15.00
7035.35 10047.52 15.00
7029.15 10038.67 15.00
7022.96 10029.83 15.00
7016.77 10020.98 15.00
7010.57 10012.13 15.00
7004.38 10003.29 15.00
6998.18 9994.44 15.00
6991.99 9985.59 15.00
6985.79 9976.75 15.00
6979.60 9967.90 15.00
6973.40 9959.05 15.00
6967.21 9950.21 15.00
6961.01 9941.36 15.00
6954.82 9932.51 15.00
6948.62 9923.66 15.00
6942.43 9914.82 15.00
6936.24 9905.97 15.00
6930.04 9897.12 15.00
6923.85 9888.28 15.00
6917.65 9879.43 15.00
6911.46 9870.58 15.00
6905.26 9861.74 15.00
6899.07 9852.89 15.00
6892.87 9844.04 15.00
6886.68 9835.20 15.00
6880.48 9826.35 15.00
6874.29 9817.50 15.00
6868.09 9808.66 15.00
6861.90 9799.81 15.00
6855.71 9790.96 15.00
6849.51 9782.12 15.00
6843.32 9773.27 15.00
6837.12 9764.42 15.00
6830.93 9755.57 15.00
6824.73 9746.73 15.00
6818.54 9737.88 15.00
6812.34 9729.03 15.00
6806.15 9720.19 15.00
6799.95 9711.34 15.00
6793.76 9702.49 15.00
6787.56 9693.65 15.00
6781.37 9684.80 15.00
6775.18 9675.95 15.00
6768.98 9667.11 15.00
6762.79 9658.26 15.00
6756.59 9649.41 15.00
6750.40 9640.57 15.00
6744.20 9631.72 15.00
6738.01 9622.87 15.00
6731.81 9614.03 15.00
6725.62 9605.18 15.00
6719.42 9596.33 15.00
6713.23 9587.48 15.00
6707.03 9578.64 15.00
6700.84 9569.79 15.00
6694.65 9560.94 15.00
6688.45 9552.10 15.00
6682.26 9543.25 15.00
6676.06 9534.40 15.00
6669.87 9525.56 15.00
6663.67 9516.71 15.00
6657.48 9507.86 15.00
6651.28 9499.02 15.00
6645.09 9490.17 15.00
6638.89 9481.32 15.00
6632.70 9472.48 15.00
6626.50 9463.63 15.00
6620.31 9454.78 15.00
6614.11 9445.94 15.00
6607.92 9437.09 15.00
6601.73 9428.24 15.00
6595.53 9419.39 15.00
6589.34 9410.55 15.00
6583.14 9401.70 15.00
6576.95 9392.85 15.00
6570.75 9384.01 15.00
6564.56 9375.16 15.00
6558.36 9366.31 15.00
6552.17 9357.47 15.00
6545.97 9348.62 15.00
6539.78 9339.77 15.00
6533.58 9330.93 15.00
6527.39 9322.08 15.00
6521.20 9313.23 15.00
6515.00 9304.39 15.00
6508.81 9295.54 15.00
6502.61 9286.69 15.00
6496.42 9277.85 15.00
6490.22 9269.00 15.00
6484.03 9260.15 15.00
6477.83 9251.30 15.00
6471.64 9242.46 15.00
6465.44 9233.61 15.00
6459.25 9224.76 15.00
6453.05 9215.92 15.00
6446.86 9207.07 15.00
6440.67 9198.22 15.00
6434.47 9189.38 15.00
6428.28 9180.53 15.00
6422.08 9171.68 15.00
6415.89 9162.84 15.00
6409.69 9153.99 15.00
6403.50 9145.14 15.00
6397.30 9136.30 15.00
6391.11 9127.45 15.00
6384.91 9118.60 15.00
6378.72 9109.76 15.00
6372.52 9100.91 15.00
6366.33 9092.06 15.00
6360.14 9083.21 15.00
6353.94 9074.37 15.00
6347.75 9065.52 15.00
6341.55 9056.67 15.00
6335.36 9047.83 15.00
6329.16 9038.98 15.00
6322.97 9030.13 15.00
6316.77 9021.29 15.00
6310.58 9012.44 15.00
6304.38 9003.59 15.00
6298.19 8994.75 15.00
6291.99 8985.90 15.00
6285.80 8977.05 15.00
6279.61 8968.21 15.00
6273.41 8959.36 15.00
6267.22 8950.51 15.00
6261.02 8941.67 15.00
6254.83 8932.82 15.00
6248.63 8923.97 15.00
6242.44 8915.12 15.00
6236.24 8906.28 15.00
6230.05 8897.43 15.00
6223.85 8888.58 15.00
6217.66 8879.74 15.00
6211.46 8870.89 15.00
6205.27 8862.04 15.00
6199.08 8853.20 15.00
6192.88 8844.35 15.00
6186.69 8835.50 15.00
6180.49 8826.66 15.00
6174.30 8817.81 15.00
6168.10 8808.96 15.00
6161.91 8800.12 15.00
6155.71 8791.27 15.00
6149.52 8782.42 15.00
6143.32 8773.58 15.00
6137.13 8764.73 15.00
6130.93 8755.88 15.00
6124.74 8747.03 15.00
6118.54 8738.19 15.00
6112.35 8729.34 15.00
6106.16 8720.49 15.00
6099.96 8711.65 15.00
6093.77 8702.80 15.00
6087.57 8693.95 15.00
6081.38 8685.11 15.00
6075.18 8676.26 15.00
6068.99 8667.41 15.00
6062.79 8658.57 15.00
6056.60 8649.72 15.00
6050.40 8640.87 15.00
6044.21 8632.03 15.00
6038.01 8623.18 15.00
6031.82 8614.33 15.00
6025.63 8605.49 15.00
6019.43 8596.64 15.00
6013.24 8587.79 15.00
6007.04 8578.94 15.00
6000.85 8570.10 15.00
5994.65 8561.25 15.00
5988.46 8552.40 15.00
5982.26 8543.56 15.00
5976.07 8534.71 15.00
5969.87 8525.86 15.00
5963.68 8517.02 15.00
5957.48 8508.17 15.00
5951.29 8499.32 15.00
5945.10 8490.48 15.00
5938.90 8481.63 15.00
5932.71 8472.78 15.00
5926.51 8463.94 15.00
5920.32 8455.09 15.00
5914.12 8446.24 15.00
5907.93 8437.40 15.00
5901.73 8428.55 15.00
5895.54 8419.70 15.00
5889.34 8410.85 15.00
5883.15 8402.01 15.00
5876.95 8393.16 15.00
5870.76 8384.31 15.00
5864.57 8375.47 15.00
5858.37 8366.62 15.00
5852.18 8357.77 15.00
5845.98 8348.93 15.00
5839.79 8340.08 15.00
5833.59 8331.23 15.00
5827.40 8322.39 15.00
5821.20 8313.54 15.00
5815.01 8304.69 15.00
5808.81 8295.85 15.00
5802.62 8287.00 15.00
5796.42 8278.15 15.00
5790.23 8269.31 15.00
5784.04 8260.46 15.00
5777.84 8251.61 15.00
5771.65 8242.76 15.00
5765.45 8233.92 15.00
5759.26 8225.07 15.00
5753.06 8216.22 15.00
5746.87 8207.38 15.00
5740.67 8198.53 15.00
5734.48 8189.68 15.00
5728.28 8180.84 15.00
5722.09 8171.99 15.00
5715.89 8163.14 15.00
5709.70 8154.30 15.00
5703.50 8145.45 15.00
5697.31 8136.60 15.00
5691.12 8127.76 15.00
5684.92 8118.91 15.00
5678.73 8110.06 15.00
5672.53 8101.22 15.00
5666.34 8092.37 15.00
5660.14 8083.52 15.00
5653.95 8074.67 15.00
5647.75 8065.83 15.00
5641.56 8056.98 15.00
5635.36 8048.13 15.00
5629.17 8039.29 15.00
5622.97 8030.44 15.00
5616.78 8021.59 15.00
5610.59 8012.75 15.00
5604.39 8003.90 15.00
5598.20 7995.05 15.00
5592.00 7986.21 15.00
5585.81 7977.36 15.00
5579.61 7968.51 15.00
5573.42 7959.67 15.00
5567.22 7950.82 15.00
5561.03 7941.97 15.00
5554.83 7933.13 15.00
5548.64 7924.28 15.00
5542.44 7915.43 15.00
5536.25 7906.58 15.00
5530.06 7897.74 15.00
5523.86 7888.89 15.00
5517.67 7880.04 15.00
5511.47 7871.20 15.00
5505.28 7862.35 15.00
5499.08 7853.50 15.00
5492.89 7844.66 15.00
5486.69 7835.81 15.00
5480.50 7826.96 15.00
5474.30 7818.12 15.00
5468.11 7809.27 15.00
5461.91 7800.42 15.00
5455.72 7791.58 15.00
5449.53 7782.73 15.00
5443.33 7773.88 15.00
5437.14 7765.04 15.00
5430.94 7756.19 15.00
5424.75 7747.34 15.00
5418.55 7738.49 15.00
5412.36 7729.65 15.00
5406.16 7720.80 15.00
5399.97 7711.95 15.00
5393.77 7703.11 15.00
5387.58 7694.26 15.00
5381.38 7685.41 15.00
5375.19 7676.57 15.00
5369.00 7667.72 15.00
5362.80 7658.87 15.00
5356.61 7650.03 15.00
5350.41 7641.18 15.00
5344.22 7632.33 15.00
5338.02 7623.49 15.00
5331.83 7614.64 15.00
5325.63 7605.79 15.00
5319.44 7596.95 15.00
5313.24 7588.10 15.00
5307.05 7579.25 15.00
5300.85 7570.40 15.00
5294.66 7561.56 15.00
5288.47 7552.71 15.00
5282.27 7543.86 15.00
5276.08 7535.02 15.00
5269.88 7526.17 15.00
5263.69 7517.32 15.00
5257.49 7508.48 15.00
5251.30 7499.63 15.00
5245.10 7490.78 15.00
5238.91 7481.94 15.00
5232.71 7473.09 15.00
5226.52 7464.24 15.00
5220.32 7455.40 15.00
5214.13 7446.55 15.00
5207.93 7437.70 15.00
5201.74 7428.86 15.00
5195.55 7420.01 15.00
5189.35 7411.16 15.00
5183.16 7402.31 15.00
5176.96 7393.47 15.00
5170.77 7384.62 15.00
5164.57 7375.77 15.00
5158.38 7366.93 15.00
5152.18 7358.08 15.00
5145.99 7349.23 15.00
5139.79 7340.39 15.00
5133.60 7331.54 15.00
5127.40 7322.69 15.00
5121.21 7313.85 15.00
5115.02 7305.00 15.00
5108.82 7296.15 15.00
5102.63 7287.31 15.00
5096.43 7278.46 15.00
5090.24 7269.61 15.00
5084.04 7260.77 15.00
5077.85 7251.92 15.00
5071.65 7243.07 15.00
5065.46 7234.22 15.00
5059.26 7225.38 15.00
5053.07 7216.53 15.00
5046.87 7207.68 15.00
5040.68 7198.84 15.00
5034.49 7189.99 15.00
5028.29 7181.14 15.00
5022.10 7172.30 15.00
5015.90 7163.45 15.00
5009.71 7154.60 15.00
5003.51 7145.76 15.00
4997.32 7136.91 15.00
4991.12 7128.06 15.00
4984.93 7119.22 15.00
4978.73 7110.37 15.00
4972.54 7101.52 15.00
4966.34 7092.68 15.00
4960.15 7083.83 15.00
4953.96 7074.98 15.00
4947.76 7066.13 15.00
4941.57 7057.29 15.00
4935.37 7048.44 15.00
4929.18 7039.59 15.00
4922.98 7030.75 15.00
4916.79 7021.90 15.00
4910.59 7013.05 15.00
4904.40 7004.21 15.00
4898.20 6995.36 15.00
4892.01 6986.51 15.00
4885.81 6977.67 15.00
4879.62 6968.82 15.00
4873.43 6959.97 15.00
4867.23 6951.13 15.00
4861.04 6942.28 15.00
4854.84 6933.43 15.00
4848.65 6924.59 15.00
4842.45 6915.74 15.00
4836.26 6906.89 15.00
4830.06 6898.04 15.00
4823.87 6889.20 15.00
4817.67 6880.35 15.00
4811.48 6871.50 15.00
4805.28 6862.66 15.00
4799.09 6853.81 15.00
4792.90 6844.96 15.00
4786.70 6836.12 15.00
4780.51 6827.27 15.00
4774.31 6818.42 15.00
4768.12 6809.58 15.00
4761.92 6800.73 15.00
4755.73 6791.88 15.00
4749.53 6783.04 15.00
4743.34 6774.19 15.00
4737.14 6765.34 15.00
4730.95 6756.50 15.00
4724.75 6747.65 15.00
4718.56 6738.80 15.00
4712.36 6729.95 15.00
4706.17 6721.11 15.00
4699.98 6712.26 15.00
4693.78 6703.41 15.00
4687.59 6694.57 15.00
4681.39 6685.72 15.00
4675.20 6676.87 15.00
4669.00 6668.03 15.00
4662.81 6659.18 15.00
4656.61 6650.33 15.00
4650.42 6641.49 15.00
4644.22 6632.64 15.00
4638.03 6623.79 15.00
4631.83 6614.95 15.00
4625.64 6606.10 15.00
4619.45 6597.25 15.00
4613.25 6588.41 15.00
4607.06 6579.56 15.00
4600.86 6570.71 15.00
4594.67 6561.86 15.00
4588.47 6553.02 15.00
4582.28 6544.17 15.00
4576.08 6535.32 15.00
4569.89 6526.48 15.00
4563.69 6517.63 15.00
4557.50 6508.78 15.00
4551.30 6499.94 15.00
4545.11 6491.09 15.00
4538.92 6482.24 15.00
4532.72 6473.40 15.00
4526.53 6464.55 15.00
4520.33 6455.70 15.00
4514.14 6446.86 15.00
4507.94 6438.01 15.00
4501.75 6429.16 15.00
4495.55 6420.32 15.00
4489.36 6411.47 15.00
4483.16 6402.62 15.00
4476.97 6393.77 15.00
4470.77 6384.93 15.00
4464.58 6376.08 15.00
4458.39 6367.23 15.00
4452.19 6358.39 15.00
4446.00 6349.54 15.00
4439.80 6340.69 15.00
4433.61 6331.85 15.00
4427.41 6323.00 15.00
4421.22 6314.15 15.00
4415.02 6305.31 15.00
4408.83 6296.46 15.00
4402.63 6287.61 15.00
4396.44 6278.77 15.00
4390.24 6269.92 15.00
4384.05 6261.07 15.00
4377.86 6252.23 15.00
4371.66 6243.38 15.00
4365.47 6234.53 15.00
4359.27 6225.68 15.00
4353.08 6216.84 15.00
4346.88 6207.99 15.00
4340.69 6199.14 15.00
4334.49 6190.30 15.00
4328.30 6181.45 15.00
4322.10 6172.60 15.00
4315.91 6163.76 15.00
4309.71 6154.91 15.00
4303.52 6146.06 15.00
4297.32 6137.22 15.00
4291.13 6128.37 15.00
4284.94 6119.52 15.00
4278.74 6110.68 15.00
4272.55 6101.83 15.00
4266.35 6092.98 15.00
4260.16 6084.14 15.00
4253.96 6075.29 15.00
4247.77 6066.44 15.00
4241.57 6057.59 15.00
4235.38 6048.75 15.00
4229.18 6039.90 15.00
4222.99 6031.05 15.00
4216.79 6022.21 15.00
4210.60 6013.36 15.00
4204.41 6004.51 15.00
4198.21 5995.67 15.00
4192.02 5986.82 15.00
4185.82 5977.97 15.00
4179.63 5969.13 15.00
4173.43 5960.28 15.00
4167.24 5951.43 15.00
4161.04 5942.59 15.00
4154.85 5933.74 15.00
4148.65 5924.89 15.00
4142.46 5916.05 15.00
4136.26 5907.20 15.00
4130.07 5898.35 15.00
4123.88 5889.50 15.00
4117.68 5880.66 15.00
4111.49 5871.81 15.00
4105.29 5862.96 15.00
4099.10 5854.12 15.00
4092.90 5845.27 15.00
4086.71 5836.42 15.00
4080.51 5827.58 15.00
4074.32 5818.73 15.00
4068.12 5809.88 15.00
4061.93 5801.04 15.00
4055.73 5792.19 15.00
4049.54 5783.34 15.00
4043.35 5774.50 15.00
4037.15 5765.65 15.00
4030.96 5756.80 15.00
4024.76 5747.96 15.00
4018.57 5739.11 15.00
4012.37 5730.26 15.00
4006.18 5721.41 15.00
3999.98 5712.57 15.00
3993.79 5703.72 15.00
3987.59 5694.87 15.00
3981.40 5686.03 15.00
3975.20 5677.18 15.00
3969.01 5668.33 15.00
3962.82 5659.49 15.00
3956.62 5650.64 15.00
3950.43 5641.79 15.00
3944.23 5632.95 15.00
3938.04 5624.10 15.00
3931.84 5615.25 15.00
3925.65 5606.41 15.00
3919.45 5597.56 15.00
3913.26 5588.71 15.00
3907.06 5579.87 15.00
3900.87 5571.02 15.00
3894.67 5562.17 15.00
3888.48 5553.32 15.00
3882.29 5544.48 15.00
3876.09 5535.63 15.00
3869.90 5526.78 15.00
3863.70 5517.94 15.00
3857.51 5509.09 15.00
3851.31 5500.24 15.00
3845.12 5491.40 15.00
3838.92 5482.55 15.00
3832.73 5473.70 15.00
3826.53 5464.86 15.00
3820.34 5456.01 15.00
3814.14 5447.16 15.00
3807.95 5438.32 15.00
3801.75 5429.47 15.00
3795.56 5420.62 15.00
3789.37 5411.78 15.00
3783.17 5402.93 15.00
3776.98 5394.08 15.00
3770.78 5385.23 15.00
3764.59 5376.39 15.00
3758.39 5367.54 15.00
3752.20 5358.69 15.00
3746.00 5349.85 15.00
3739.81 5341.00 15.00
3733.61 5332.15 15.00
3727.42 5323.31 15.00
3721.22 5314.46 15.00
3715.03 5305.61 15.00
3708.84 5296.77 15.00
3702.64 5287.92 15.00
3696.45 5279.07 15.00
3690.25 5270.23 15.00
3684.06 5261.38 15.00
3677.86 5252.53 15.00
3671.67 5243.69 15.00
3665.47 5234.84 15.00
3659.28 5225.99 15.00
3653.08 5217.14 15.00
3646.89 5208.30 15.00
3640.69 5199.45 15.00
3634.50 5190.60 15.00
3628.31 5181.76 15.00
3622.11 5172.91 15.00
3615.92 5164.06 15.00
3609.72 5155.22 15.00
3603.53 5146.37 15.00
3597.33 5137.52 15.00
3591.14 5128.68 15.00
3584.94 5119.83 15.00
3578.75 5110.98 15.00
3572.55 5102.14 15.00
3566.36 5093.29 15.00
3560.16 5084.44 15.00
3553.97 5075.60 15.00
3547.78 5066.75 15.00
3541.58 5057.90 15.00
3535.39 5049.05 15.00
3529.19 5040.21 15.00
3523.00 5031.36 15.00
3516.80 5022.51 15.00
3510.61 5013.67 15.00
3504.41 5004.82 15.00
3498.22 4995.97 15.00
3492.02 4987.13 15.00
3485.83 4978.28 15.00
3479.63 4969.43 15.00
3473.44 4960.59 15.00
3467.25 4951.74 15.00
3461.05 4942.89 15.00
3454.86 4934.05 15.00
3448.66 4925.20 15.00
3442.47 4916.35 15.00
3436.27 4907.51 15.00
3430.08 4898.66 15.00
3423.88 4889.81 15.00
3417.69 4880.96 15.00
3411.49 4872.12 15.00
3405.30 4863.27 15.00
3399.10 4854.42 15.00
3392.91 4845.58 15.00
3386.72 4836.73 15.00
3380.52 4827.88 15.00
3374.33 4819.04 15.00
3368.13 4810.19 15.00
3361.94 4801.34 15.00
3355.74 4792.50 15.00
3349.55 4783.65 15.00
3343.35 4774.80 15.00
3337.16 4765.96 15.00
3330.96 4757.11 15.00
3324.77 4748.26 15.00
3318.57 4739.42 15.00
3312.38 4730.57 15.00
3306.18 4721.72 15.00
3299.99 4712.87 15.00
3293.80 4704.03 15.00
3287.60 4695.18 15.00
3281.41 4686.33 15.00
3275.21 4677.49 15.00
3269.02 4668.64 15.00
3262.82 4659.79 15.00
3256.63 4650.95 15.00
3250.43 4642.10 15.00
3244.24 4633.25 15.00
3238.04 4624.41 15.00
3231.85 4615.56 15.00
3225.65 4606.71 15.00
3219.46 4597.87 15.00
3213.27 4589.02 15.00
3207.07 4580.17 15.00
3200.88 4571.33 15.00
3194.68 4562.48 15.00
3188.49 4553.63 15.00
3182.29 4544.78 15.00
3176.10 4535.94 15.00
3169.90 4527.09 15.00
3163.71 4518.24 15.00
3157.51 4509.40 15.00
3151.32 4500.55 15.00
3145.12 4491.70 15.00
3138.93 4482.86 15.00
3132.74 4474.01 15.00
3126.54 4465.16 15.00
3120.35 4456.32 15.00
3114.15 4447.47 15.00
3107.96 4438.62 15.00
3101.76 4429.78 15.00
3095.57 4420.93 15.00
3089.37 4412.08 15.00
3083.18 4403.24 15.00
3076.98 4394.39 15.00
3070.79 4385.54 15.00
3064.59 4376.69 15.00
3058.40 4367.85 15.00
3052.21 4359.00 15.00
3046.01 4350.15 15.00
3039.82 4341.31 15.00
3033.62 4332.46 15.00
3027.43 4323.61 15.00
3021.23 4314.77 15.00
3015.04 4305.92 15.00
3008.84 4297.07 15.00
3002.65 4288.23 15.00
2996.45 4279.38 15.00
2990.26 4270.53 15.00
2984.06 4261.69 15.00
2977.87 4252.84 15.00
2971.68 4243.99 15.00
2965.48 4235.15 15.00
2959.29 4226.30 15.00
2953.09 4217.45 15.00
2946.90 4208.60 15.00
2940.70 4199.76 15.00
2934.51 4190.91 15.00
2928.31 4182.06 15.00
2922.12 4173.22 15.00
2915.92 4164.37 15.00
2909.73 4155.52 15.00
2903.53 4146.68 15.00
2897.34 4137.83 15.00
2891.14 4128.98 15.00
2884.95 4120.14 15.00
2878.76 4111.29 15.00
2872.56 4102.44 15.00
2866.37 4093.60 15.00
2860.17 4084.75 15.00
2853.98 4075.90 15.00
2847.78 4067.06 15.00
2841.59 4058.21 15.00
2835.39 4049.36 15.00
2829.20 4040.51 15.00
2823.00 4031.67 15.00
2816.81 4022.82 15.00
2810.61 4013.97 15.00
2804.42 4005.13 15.00
2798.23 3996.28 15.00
2792.03 3987.43 15.00
2785.84 3978.59 15.00
2779.64 3969.74 15.00
2773.45 3960.89 15.00
2767.25 3952.05 15.00
2761.06 3943.20 15.00
2754.86 3934.35 15.00
2748.67 3925.51 15.00
2742.47 3916.66 15.00
2736.28 3907.81 15.00
2730.08 3898.97 15.00
2723.89 3890.12 15.00
2717.70 3881.27 15.00
2711.50 3872.42 15.00
2705.31 3863.58 15.00
2699.11 3854.73 15.00
2692.92 3845.88 15.00
2686.72 3837.04 15.00
2680.53 3828.19 15.00
2674.33 3819.34 15.00
2668.14 3810.50 15.00
2661.94 3801.65 15.00
2655.75 3792.80 15.00
2649.55 3783.96 15.00
2643.36 3775.11 15.00
2637.17 3766.26 15.00
2630.97 3757.42 15.00
2624.78 3748.57 15.00
2618.58 3739.72 15.00
2612.39 3730.88 15.00
2606.19 3722.03 15.00
2600.00 3713.18 15.00
2593.80 3704.33 15.00
2587.61 3695.49 15.00
2581.41 3686.64 15.00
2575.22 3677.79 15.00
2569.02 3668.95 15.00
2562.83 3660.10 15.00
2556.64 3651.25 15.00
2550.44 3642.41 15.00
2544.25 3633.56 15.00
2538.05 3624.71 15.00
2531.86 3615.87 15.00
2525.66 3607.02 15.00
2519.47 3598.17 15.00
2513.27 3589.33 15.00
2507.08 3580.48 15.00
2500.88 3571.63 15.00
2494.69 3562.79 15.00
2488.49 3553.94 15.00
2482.30 3545.09 15.00
2476.11 3536.24 15.00
2469.91 3527.40 15.00
2463.72 3518.55 15.00
2457.52 3509.70 15.00
2451.33 3500.86 15.00
2445.13 3492.01 15.00
2438.94 3483.16 15.00
2432.74 3474.32 15.00
2426.55 3465.47 15.00
2420.35 3456.62 15.00
2414.16 3447.78 15.00
2407.96 3438.93 15.00
2401.77 3430.08 15.00
2395.57 3421.24 15.00
2389.38 3412.39 15.00
2383.19 3403.54 15.00
2376.99 3394.70 15.00
2370.80 3385.85 15.00
2364.60 3377.00 15.00
2358.41 3368.15 15.00
2352.21 3359.31 15.00
2346.02 3350.46 15.00
2339.82 3341.61 15.00
2333.63 3332.77 15.00
2327.43 3323.92 15.00
2321.24 3315.07 15.00
2315.04 3306.23 15.00
2308.85 3297.38 15.00
2302.66 3288.53 15.00
2296.46 3279.69 15.00
2290.27 3270.84 15.00
2284.07 3261.99 15.00
2277.88 3253.15 15.00
2271.68 3244.30 15.00
2265.49 3235.45 15.00
2259.29 3226.61 15.00
2253.10 3217.76 15.00
2246.90 3208.91 15.00
2240.71 3200.06 15.00
2234.51 3191.22 15.00
2228.32 3182.37 15.00
2222.13 3173.52 15.00
2215.93 3164.68 15.00
2209.74 3155.83 15.00
2203.54 3146.98 15.00
2197.35 3138.14 15.00
2191.15 3129.29 15.00
2184.96 3120.44 15.00
2178.76 3111.60 15.00
2172.57 3102.75 15.00
2166.37 3093.90 15.00
2160.18 3085.06 15.00
2153.98 3076.21 15.00
2147.79 3067.36 15.00
2141.60 3058.52 15.00
2135.40 3049.67 15.00
2129.21 3040.82 15.00
2123.01 3031.97 15.00
2116.82 3023.13 15.00
2110.62 3014.28 15.00
2104.43 3005.43 15.00
2098.23 2996.59 15.00
2092.04 2987.74 15.00
2085.84 2978.89 15.00
2079.65 2970.05 15.00
2073.45 2961.20 15.00
2067.26 2952.35 15.00
2061.07 2943.51 15.00
2054.87 2934.66 15.00
2048.68 2925.81 15.00
2042.48 2916.97 15.00
2036.29 2908.12 15.00
2030.09 2899.27 15.00
2023.90 2890.43 15.00
2017.70 2881.58 15.00
2011.51 2872.73 15.00
2005.31 2863.88 15.00
1999.12 2855.04 15.00
1992.92 2846.19 15.00
1986.73 2837.34 15.00
1980.54 2828.50 15.00
1974.34 2819.65 15.00
1968.15 2810.80 15.00
1961.95 2801.96 15.00
1955.76 2793.11 15.00
1949.56 2784.26 15.00
1943.37 2775.42 15.00
1937.17 2766.57 15.00
1930.98 2757.72 15.00
1924.78 2748.88 15.00
1918.59 2740.03 15.00
1912.39 2731.18 15.00
1906.20 2722.34 15.00
1900.00 2713.49 15.00
1893.81 2704.64 15.00
1887.62 2695.79 15.00
1881.42 2686.95 15.00
1875.23 2678.10 15.00
1869.03 2669.25 15.00
1862.84 2660.41 15.00
1856.64 2651.56 15.00
1850.45 2642.71 15.00
1844.25 2633.87 15.00
1838.06 2625.02 15.00
1831.86 2616.17 14.64
1825.67 2607.33 14.33
1819.48 2598.49 13.93
1813.29 2589.65 13.44
1807.10 2580.81 12.85
1800.92 2571.98 12.18
1794.74 2563.15 11.41
1788.56 2554.33 10.54
1782.39 2545.52 9.59
1776.22 2536.71 8.73
1770.05 2527.89 7.94
1763.86 2519.06 7.25
1757.68 2510.23 6.65
1751.49 2501.39 6.14
1745.31 2492.56 5.73
1739.11 2483.71 5.41
1732.92 2474.87 5.18
1726.73 2466.02 5.04
1720.53 2457.18 5.00
1714.34 2448.33 5.00
1708.14 2439.48 5.00
1701.95 2430.64 5.00
1695.76 2421.79 5.00
1689.56 2412.94 5.00
1683.37 2404.10 5.00
1677.17 2395.25 5.00
1670.98 2386.40 5.00
1664.78 2377.56 5.00
1658.59 2368.71 5.00
1652.39 2359.86 5.00
1646.20 2351.02 5.00
1640.00 2342.17 5.00
1633.81 2333.32 5.00
1627.61 2324.47 5.00
1621.42 2315.63 5.00
1615.23 2306.78 5.00
1609.03 2297.93 5.00
1602.84 2289.09 5.00
1596.64 2280.24 5.00
1590.45 2271.39 5.00
1584.25 2262.55 5.00
1578.06 2253.70 5.00
1571.86 2244.85 5.00
1565.67 2236.01 5.00
1559.47 2227.16 5.00
1553.28 2218.31 5.00
1547.08 2209.47 5.00
1540.89 2200.62 5.00
1534.70 2191.77 5.00
1528.50 2182.93 5.00
1522.31 2174.08 5.00
1516.11 2165.23 5.00
1509.92 2156.38 5.00
1503.72 2147.54 5.00
1497.53 2138.69 5.00
1491.33 2129.84 5.00
1485.14 2121.00 5.00
1478.94 2112.15 5.00
1472.75 2103.30 5.00
1466.55 2094.46 5.00
1460.36 2085.61 5.00
1454.17 2076.76 5.00
1447.97 2067.92 5.00
1441.78 2059.07 5.00
1435.58 2050.22 5.00
1429.39 2041.38 5.00
1423.19 2032.53 5.00
1417.00 2023.68 5.00
1410.80 2014.84 5.00
1404.61 2005.99 5.00
1398.41 1997.14 5.00
1392.22 1988.29 5.00
1386.02 1979.45 5.00
1379.83 1970.60 5.00
1373.64 1961.75 5.00
1367.44 1952.91 5.00
1361.25 1944.06 5.00
1355.05 1935.21 5.00
1348.86 1926.37 5.00
1342.66 1917.52 5.00
1336.47 1908.67 5.00
1330.27 1899.83 5.00
1324.08 1890.98 5.00
1317.88 1882.13 5.00
1311.69 1873.29 5.00
1305.49 1864.44 5.00
1299.30 1855.59 5.00
1293.10 1846.75 5.00
1286.91 1837.90 5.00
1280.72 1829.05 5.00
1274.52 1820.20 5.00
1268.33 1811.36 5.00
1262.13 1802.51 5.00
1255.94 1793.66 5.00
1249.74 1784.82 5.00
1243.55 1775.97 5.00
1237.35 1767.12 5.00
1231.16 1758.28 5.00
1224.96 1749.43 5.00
1218.77 1740.58 5.00
1212.57 1731.74 5.00
1206.38 1722.89 5.00
1200.19 1714.04 5.00
1193.99 1705.20 5.00
1187.80 1696.35 5.00
1181.60 1687.50 5.00
1175.41 1678.66 5.00
1169.21 1669.81 5.00
1163.02 1660.96 5.00
1156.82 1652.11 5.00
1150.63 1643.27 5.00
1144.43 1634.42 5.00
1138.24 1625.57 5.00
1132.04 1616.73 5.00
1125.85 1607.88 5.00
1119.66 1599.03 5.00
1113.46 1590.19 5.00
1107.27 1581.34 5.00
1101.07 1572.49 5.00
1094.88 1563.65 5.00
1088.68 1554.80 5.00
1082.49 1545.95 5.00
1076.29 1537.11 5.00
1070.10 1528.26 5.00
1063.90 1519.41 5.00
1057.71 1510.57 5.00
1051.51 1501.72 5.00
1045.32 1492.87 5.00
1039.13 1484.02 5.00
1032.93 1475.18 5.00
1026.74 1466.33 5.00
1020.54 1457.48 5.00
1014.35 1448.64 5.00
1008.15 1439.79 5.00
1001.96 1430.94 5.00
995.76 1422.10 5.00
989.57 1413.25 5.00
983.37 1404.40 5.00
977.18 1395.56 5.00
970.98 1386.71 5.00
964.79 1377.86 5.00
958.60 1369.02 5.00
952.40 1360.17 5.00
946.21 1351.32 5.00
940.01 1342.48 5.00
933.82 1333.63 5.00
927.62 1324.78 5.00
921.43 1315.93 5.00
915.23 1307.09 5.00
909.04 1298.24 5.00
902.84 1289.39 5.00
896.65 1280.55 5.00
890.45 1271.70 5.00
884.26 1262.85 5.00
878.07 1254.01 5.00
871.87 1245.16 5.00
865.68 1236.31 5.00
859.48 1227.47 5.18
853.29 1218.62 5.41
847.09 1209.78 5.73
840.90 1200.94 6.15
834.71 1192.10 6.66
828.53 1183.26 7.26
822.34 1174.43 7.95
816.16 1165.60 8.74
809.99 1156.78 9.62
803.82 1147.97 10.59
797.65 1139.16 11.65
791.49 1130.36 12.81
785.33 1121.57 14.06
779.18 1112.79 15.40
773.04 1104.01 16.83
766.90 1095.25 18.35
760.77 1086.50 19.97
754.65 1077.76 21.68
748.54 1069.03 23.48
742.44 1060.31 25.37
736.34 1051.61 27.36
730.26 1042.92 29.43
724.18 1034.24 31.60
718.12 1025.58 33.85
712.07 1016.94 36.20
706.03 1008.31 38.64
700.00 999.70 41.17
693.98 991.11 43.79
687.98 982.53 46.50
681.99 973.98 49.30
676.01 965.44 52.19
670.05 956.93 55.17
664.10 948.43 58.24
658.17 939.96 61.39
652.25 931.51 64.64
646.35 923.09 67.62
640.16 914.24 70.66
633.96 905.39 73.61
627.77 896.55 76.47
621.58 887.71 79.25
615.39 878.87 81.93
609.20 870.03 84.52
603.02 861.20 87.03
596.84 852.38 89.44
590.66 843.56 91.76
584.49 834.74 93.99
578.32 825.93 96.13
572.16 817.13 98.18
566.01 808.34 100.14
559.86 799.56 102.01
553.71 790.78 103.78
547.58 782.02 105.47
541.45 773.27 107.06
535.33 764.52 108.56
529.21 755.79 109.97
523.11 747.08 111.29
517.01 738.37 112.51
510.93 729.68 113.64
504.86 721.01 114.68
498.79 712.35 115.63
492.74 703.70 116.48
486.70 695.08 117.24
480.67 686.47 117.91
474.65 677.87 118.49
468.65 669.30 118.97
462.66 660.74 119.36
456.68 652.21 119.66
450.72 643.69 119.87
444.77 635.20 119.98
438.84 626.72 120.00
432.92 618.27 119.92
427.02 609.85 119.75
420.82 601.00 120.00
414.63 592.15 120.00
408.44 583.31 120.00
402.24 574.46 120.00
396.05 565.61 120.00
389.85 556.77 120.00
383.66 547.92 120.00
377.46 539.07 120.00
371.27 530.22 120.00
365.07 521.38 120.00
358.88 512.53 120.00
352.68 503.68 120.00
346.49 494.84 120.00
340.29 485.99 120.00
334.10 477.14 120.00
327.91 468.30 120.00
321.71 459.45 120.00
315.52 450.60 120.00
309.32 441.76 120.00
303.13 432.91 120.00
296.93 424.06 120.00
290.74 415.22 120.00
284.54 406.37 120.00
278.35 397.52 120.00
272.15 388.68 120.00
265.96 379.83 120.00
259.76 370.98 120.00
253.57 362.13 120.00
247.37 353.29 120.00
241.18 344.44 120.00
234.99 335.59 120.00
228.79 326.75 120.00
222.60 317.90 120.00
216.40 309.05 120.00
210.21 300.21 120.00
204.01 291.36 120.00
197.82 282.51 120.00
191.62 273.67 120.00
185.43 264.82 120.00
179.23 255.97 120.00
173.04 247.13 120.00
166.84 238.28 120.00
160.65 229.43 120.00
154.46 220.59 120.00
148.26 211.74 119.95
142.07 202.89 119.81
135.87 194.05 119.58
129.68 185.20 119.26
123.49 176.36 118.84
117.30 167.52 118.33
111.11 158.69 117.73
104.93 149.86 117.03
98.75 141.03 116.24
92.57 132.21 115.36
86.40 123.40 114.39
80.24 114.59 113.32
74.07 105.79 112.17
67.92 97.00 110.92
61.77 88.21 109.57
55.62 79.44 108.14
49.49 70.68 106.61
43.36 61.92 104.99
37.24 53.18 103.28
31.13 44.45 101.48
25.02 35.74 99.59
18.93 27.03 97.60
12.85 18.35 95.52
10.73 15.32 85.36
8.61 12.29 75.19
6.49 9.27 65.03
4.37 6.24 54.87
2.25 3.22 44.70
0.13 0.19 34.54
-1.99 -2.84 24.37
-4.10 -5.86 14.21
-6.22 -8.89 4.04
